
ZAI = [
666
0
];

NAMES = [
'lost            '
'total           '
];

iLOST    = 1;
iTOT     = 2;

MAT_UO2_1_900K_VOLUME = [ 6.74570E-02 6.74570E-02 ];

MAT_UO2_1_900K_BURNUP = [ 0.00000E+00 1.89076E-02 ];

MAT_UO2_1_900K_ADENS = [
0.00000E+00 1.93620E-14 % lost data
7.00588E-02 7.00593E-02 % total
];

MAT_UO2_1_900K_MDENS = [
0.00000E+00 0.00000E+00 % lost data
1.04667E+01 1.04667E+01 % total
];

MAT_UO2_1_900K_A = [
0.00000E+00 0.00000E+00 % lost data
6.06125E+04 3.56045E+12 % total
];

MAT_UO2_1_900K_H = [
0.00000E+00 0.00000E+00 % lost data
4.63695E-08 1.36342E+00 % total
];

MAT_UO2_1_900K_SF = [
0.00000E+00 0.00000E+00 % lost data
4.03738E-03 4.03774E-03 % total
];

MAT_UO2_1_900K_GSRC = [
0.00000E+00 0.00000E+00 % lost data
9.98929E+03 4.32674E+12 % total
];

MAT_UO2_1_900K_ING_TOX = [
0.00000E+00 0.00000E+00 % lost data
2.60335E-03 3.93220E+04 % total
];

MAT_UO2_1_900K_INH_TOX = [
0.00000E+00 0.00000E+00 % lost data
4.98274E-01 4.24137E+04 % total
];

MAT_UO2_2_900K_VOLUME = [ 6.74570E-02 6.74570E-02 ];

MAT_UO2_2_900K_BURNUP = [ 0.00000E+00 1.96594E-02 ];

MAT_UO2_2_900K_ADENS = [
0.00000E+00 1.99152E-14 % lost data
7.00588E-02 7.00593E-02 % total
];

MAT_UO2_2_900K_MDENS = [
0.00000E+00 0.00000E+00 % lost data
1.04667E+01 1.04667E+01 % total
];

MAT_UO2_2_900K_A = [
0.00000E+00 0.00000E+00 % lost data
6.06125E+04 3.71093E+12 % total
];

MAT_UO2_2_900K_H = [
0.00000E+00 0.00000E+00 % lost data
4.63695E-08 1.41792E+00 % total
];

MAT_UO2_2_900K_SF = [
0.00000E+00 0.00000E+00 % lost data
4.03738E-03 4.03779E-03 % total
];

MAT_UO2_2_900K_GSRC = [
0.00000E+00 0.00000E+00 % lost data
9.98929E+03 4.50556E+12 % total
];

MAT_UO2_2_900K_ING_TOX = [
0.00000E+00 0.00000E+00 % lost data
2.60335E-03 4.08403E+04 % total
];

MAT_UO2_2_900K_INH_TOX = [
0.00000E+00 0.00000E+00 % lost data
4.98274E-01 4.40507E+04 % total
];

MAT_UO2_3_900K_VOLUME = [ 6.74570E-02 6.74570E-02 ];

MAT_UO2_3_900K_BURNUP = [ 0.00000E+00 1.96889E-02 ];

MAT_UO2_3_900K_ADENS = [
0.00000E+00 1.99950E-14 % lost data
7.00588E-02 7.00593E-02 % total
];

MAT_UO2_3_900K_MDENS = [
0.00000E+00 0.00000E+00 % lost data
1.04667E+01 1.04667E+01 % total
];

MAT_UO2_3_900K_A = [
0.00000E+00 0.00000E+00 % lost data
6.06125E+04 3.73084E+12 % total
];

MAT_UO2_3_900K_H = [
0.00000E+00 0.00000E+00 % lost data
4.63695E-08 1.42111E+00 % total
];

MAT_UO2_3_900K_SF = [
0.00000E+00 0.00000E+00 % lost data
4.03738E-03 4.03779E-03 % total
];

MAT_UO2_3_900K_GSRC = [
0.00000E+00 0.00000E+00 % lost data
9.98929E+03 4.52411E+12 % total
];

MAT_UO2_3_900K_ING_TOX = [
0.00000E+00 0.00000E+00 % lost data
2.60335E-03 4.08884E+04 % total
];

MAT_UO2_3_900K_INH_TOX = [
0.00000E+00 0.00000E+00 % lost data
4.98274E-01 4.41260E+04 % total
];

MAT_UO2_4_900K_VOLUME = [ 6.74570E-02 6.74570E-02 ];

MAT_UO2_4_900K_BURNUP = [ 0.00000E+00 1.97781E-02 ];

MAT_UO2_4_900K_ADENS = [
0.00000E+00 1.94983E-14 % lost data
7.00588E-02 7.00593E-02 % total
];

MAT_UO2_4_900K_MDENS = [
0.00000E+00 0.00000E+00 % lost data
1.04667E+01 1.04667E+01 % total
];

MAT_UO2_4_900K_A = [
0.00000E+00 0.00000E+00 % lost data
6.06125E+04 3.75489E+12 % total
];

MAT_UO2_4_900K_H = [
0.00000E+00 0.00000E+00 % lost data
4.63695E-08 1.42715E+00 % total
];

MAT_UO2_4_900K_SF = [
0.00000E+00 0.00000E+00 % lost data
4.03738E-03 4.03781E-03 % total
];

MAT_UO2_4_900K_GSRC = [
0.00000E+00 0.00000E+00 % lost data
9.98929E+03 4.55033E+12 % total
];

MAT_UO2_4_900K_ING_TOX = [
0.00000E+00 0.00000E+00 % lost data
2.60335E-03 4.10288E+04 % total
];

MAT_UO2_4_900K_INH_TOX = [
0.00000E+00 0.00000E+00 % lost data
4.98274E-01 4.42477E+04 % total
];

MAT_UO2_5_900K_VOLUME = [ 6.74570E-02 6.74570E-02 ];

MAT_UO2_5_900K_BURNUP = [ 0.00000E+00 1.96635E-02 ];

MAT_UO2_5_900K_ADENS = [
0.00000E+00 1.95229E-14 % lost data
7.00588E-02 7.00593E-02 % total
];

MAT_UO2_5_900K_MDENS = [
0.00000E+00 0.00000E+00 % lost data
1.04667E+01 1.04667E+01 % total
];

MAT_UO2_5_900K_A = [
0.00000E+00 0.00000E+00 % lost data
6.06125E+04 3.74160E+12 % total
];

MAT_UO2_5_900K_H = [
0.00000E+00 0.00000E+00 % lost data
4.63695E-08 1.42004E+00 % total
];

MAT_UO2_5_900K_SF = [
0.00000E+00 0.00000E+00 % lost data
4.03738E-03 4.03781E-03 % total
];

MAT_UO2_5_900K_GSRC = [
0.00000E+00 0.00000E+00 % lost data
9.98929E+03 4.53152E+12 % total
];

MAT_UO2_5_900K_ING_TOX = [
0.00000E+00 0.00000E+00 % lost data
2.60335E-03 4.08300E+04 % total
];

MAT_UO2_5_900K_INH_TOX = [
0.00000E+00 0.00000E+00 % lost data
4.98274E-01 4.40240E+04 % total
];

MAT_UO2_6_900K_VOLUME = [ 1.26482E-02 1.26482E-02 ];

MAT_UO2_6_900K_BURNUP = [ 0.00000E+00 1.93313E-02 ];

MAT_UO2_6_900K_ADENS = [
0.00000E+00 1.94619E-14 % lost data
7.00588E-02 7.00593E-02 % total
];

MAT_UO2_6_900K_MDENS = [
0.00000E+00 0.00000E+00 % lost data
1.04667E+01 1.04667E+01 % total
];

MAT_UO2_6_900K_A = [
0.00000E+00 0.00000E+00 % lost data
1.13648E+04 6.91175E+11 % total
];

MAT_UO2_6_900K_H = [
0.00000E+00 0.00000E+00 % lost data
8.69428E-09 2.61856E-01 % total
];

MAT_UO2_6_900K_SF = [
0.00000E+00 0.00000E+00 % lost data
7.57009E-04 7.57089E-04 % total
];

MAT_UO2_6_900K_GSRC = [
0.00000E+00 0.00000E+00 % lost data
1.87299E+03 8.36402E+11 % total
];

MAT_UO2_6_900K_ING_TOX = [
0.00000E+00 0.00000E+00 % lost data
4.88127E-04 7.52372E+03 % total
];

MAT_UO2_6_900K_INH_TOX = [
0.00000E+00 0.00000E+00 % lost data
9.34264E-02 8.11349E+03 % total
];

MAT_UO2_7_900K_VOLUME = [ 1.26482E-02 1.26482E-02 ];

MAT_UO2_7_900K_BURNUP = [ 0.00000E+00 1.97068E-02 ];

MAT_UO2_7_900K_ADENS = [
0.00000E+00 1.95815E-14 % lost data
7.00588E-02 7.00593E-02 % total
];

MAT_UO2_7_900K_MDENS = [
0.00000E+00 0.00000E+00 % lost data
1.04667E+01 1.04667E+01 % total
];

MAT_UO2_7_900K_A = [
0.00000E+00 0.00000E+00 % lost data
1.13648E+04 7.03110E+11 % total
];

MAT_UO2_7_900K_H = [
0.00000E+00 0.00000E+00 % lost data
8.69428E-09 2.66818E-01 % total
];

MAT_UO2_7_900K_SF = [
0.00000E+00 0.00000E+00 % lost data
7.57009E-04 7.57095E-04 % total
];

MAT_UO2_7_900K_GSRC = [
0.00000E+00 0.00000E+00 % lost data
1.87299E+03 8.51540E+11 % total
];

MAT_UO2_7_900K_ING_TOX = [
0.00000E+00 0.00000E+00 % lost data
4.88127E-04 7.66905E+03 % total
];

MAT_UO2_7_900K_INH_TOX = [
0.00000E+00 0.00000E+00 % lost data
9.34264E-02 8.26891E+03 % total
];

MAT_UO2_8_900K_VOLUME = [ 1.26482E-02 1.26482E-02 ];

MAT_UO2_8_900K_BURNUP = [ 0.00000E+00 1.97452E-02 ];

MAT_UO2_8_900K_ADENS = [
0.00000E+00 1.87478E-14 % lost data
7.00588E-02 7.00593E-02 % total
];

MAT_UO2_8_900K_MDENS = [
0.00000E+00 0.00000E+00 % lost data
1.04667E+01 1.04667E+01 % total
];

MAT_UO2_8_900K_A = [
0.00000E+00 0.00000E+00 % lost data
1.13648E+04 7.09088E+11 % total
];

MAT_UO2_8_900K_H = [
0.00000E+00 0.00000E+00 % lost data
8.69428E-09 2.67389E-01 % total
];

MAT_UO2_8_900K_SF = [
0.00000E+00 0.00000E+00 % lost data
7.57009E-04 7.57098E-04 % total
];

MAT_UO2_8_900K_GSRC = [
0.00000E+00 0.00000E+00 % lost data
1.87299E+03 8.56836E+11 % total
];

MAT_UO2_8_900K_ING_TOX = [
0.00000E+00 0.00000E+00 % lost data
4.88127E-04 7.67698E+03 % total
];

MAT_UO2_8_900K_INH_TOX = [
0.00000E+00 0.00000E+00 % lost data
9.34264E-02 8.27139E+03 % total
];

MAT_UO2_9_900K_VOLUME = [ 1.26482E-02 1.26482E-02 ];

MAT_UO2_9_900K_BURNUP = [ 0.00000E+00 2.05493E-02 ];

MAT_UO2_9_900K_ADENS = [
0.00000E+00 2.07538E-14 % lost data
7.00588E-02 7.00593E-02 % total
];

MAT_UO2_9_900K_MDENS = [
0.00000E+00 0.00000E+00 % lost data
1.04667E+01 1.04667E+01 % total
];

MAT_UO2_9_900K_A = [
0.00000E+00 0.00000E+00 % lost data
1.13648E+04 7.34680E+11 % total
];

MAT_UO2_9_900K_H = [
0.00000E+00 0.00000E+00 % lost data
8.69428E-09 2.78341E-01 % total
];

MAT_UO2_9_900K_SF = [
0.00000E+00 0.00000E+00 % lost data
7.57009E-04 7.57094E-04 % total
];

MAT_UO2_9_900K_GSRC = [
0.00000E+00 0.00000E+00 % lost data
1.87299E+03 8.89116E+11 % total
];

MAT_UO2_9_900K_ING_TOX = [
0.00000E+00 0.00000E+00 % lost data
4.88127E-04 7.99352E+03 % total
];

MAT_UO2_9_900K_INH_TOX = [
0.00000E+00 0.00000E+00 % lost data
9.34264E-02 8.62955E+03 % total
];

