
DET1 = [
    1    1    1    1    1    1    1    1    1    1  7.26755E+13 0.00292 
];


DET1E = [
 1.00000E+00  2.00000E+01  1.05000E+01
];

DET2 = [
    1    1    1    1    1    1    1    1    1    1  0.00000E+00 0.00000 
    2    1    1    1    1    2    1    1    1    1  0.00000E+00 0.00000 
    3    1    1    1    1    3    1    1    1    1  0.00000E+00 0.00000 
    4    1    1    1    1    4    1    1    1    1  0.00000E+00 0.00000 
    5    1    1    1    1    5    1    1    1    1  0.00000E+00 0.00000 
    6    1    1    1    1    6    1    1    1    1  0.00000E+00 0.00000 
    7    1    1    1    1    7    1    1    1    1  0.00000E+00 0.00000 
    8    1    1    1    1    8    1    1    1    1  0.00000E+00 0.00000 
    9    1    1    1    1    9    1    1    1    1  0.00000E+00 0.00000 
   10    1    1    1    1   10    1    1    1    1  0.00000E+00 0.00000 
   11    1    1    1    1   11    1    1    1    1  0.00000E+00 0.00000 
   12    1    1    1    1   12    1    1    1    1  0.00000E+00 0.00000 
   13    1    1    1    1   13    1    1    1    1  0.00000E+00 0.00000 
   14    1    1    1    1   14    1    1    1    1  6.90926E+13 0.02470 
   15    1    1    1    1   15    1    1    1    1  7.29371E+13 0.02395 
   16    1    1    1    1   16    1    1    1    1  7.63067E+13 0.02330 
   17    1    1    1    1   17    1    1    1    1  7.33638E+13 0.02409 
   18    1    1    1    1   18    1    1    1    1  7.34615E+13 0.02247 
   19    1    1    1    1   19    1    1    1    1  7.23331E+13 0.02195 
   20    1    1    1    1   20    1    1    1    1  7.28021E+13 0.02348 
   21    1    1    1    1   21    1    1    1    1  7.31029E+13 0.02498 
   22    1    1    1    1   22    1    1    1    1  7.02786E+13 0.02338 
   23    1    1    1    1   23    1    1    1    1  6.86097E+13 0.02419 
   24    1    1    1    1   24    1    1    1    1  0.00000E+00 0.00000 
   25    1    1    1    1   25    1    1    1    1  0.00000E+00 0.00000 
   26    1    1    1    1   26    1    1    1    1  7.11516E+13 0.02467 
   27    1    1    1    1   27    1    1    1    1  7.49104E+13 0.02381 
   28    1    1    1    1   28    1    1    1    1  7.45596E+13 0.02246 
   29    1    1    1    1   29    1    1    1    1  7.49864E+13 0.02242 
   30    1    1    1    1   30    1    1    1    1  7.50229E+13 0.02316 
   31    1    1    1    1   31    1    1    1    1  7.71385E+13 0.02197 
   32    1    1    1    1   32    1    1    1    1  7.48998E+13 0.02296 
   33    1    1    1    1   33    1    1    1    1  7.32283E+13 0.02344 
   34    1    1    1    1   34    1    1    1    1  7.40734E+13 0.02230 
   35    1    1    1    1   35    1    1    1    1  7.03557E+13 0.02328 
   36    1    1    1    1   36    1    1    1    1  0.00000E+00 0.00000 
   37    1    1    1    1   37    1    1    1    1  0.00000E+00 0.00000 
   38    1    1    1    1   38    1    1    1    1  7.15559E+13 0.02404 
   39    1    1    1    1   39    1    1    1    1  7.76611E+13 0.02308 
   40    1    1    1    1   40    1    1    1    1  7.32336E+13 0.02392 
   41    1    1    1    1   41    1    1    1    1  7.42969E+13 0.02375 
   42    1    1    1    1   42    1    1    1    1  7.10421E+13 0.02349 
   43    1    1    1    1   43    1    1    1    1  7.24901E+13 0.02272 
   44    1    1    1    1   44    1    1    1    1  7.27908E+13 0.02323 
   45    1    1    1    1   45    1    1    1    1  7.23261E+13 0.02428 
   46    1    1    1    1   46    1    1    1    1  7.40997E+13 0.02254 
   47    1    1    1    1   47    1    1    1    1  6.85984E+13 0.02467 
   48    1    1    1    1   48    1    1    1    1  0.00000E+00 0.00000 
   49    1    1    1    1   49    1    1    1    1  0.00000E+00 0.00000 
   50    1    1    1    1   50    1    1    1    1  7.75906E+13 0.02319 
   51    1    1    1    1   51    1    1    1    1  7.41800E+13 0.02390 
   52    1    1    1    1   52    1    1    1    1  7.48612E+13 0.02272 
   53    1    1    1    1   53    1    1    1    1  7.41528E+13 0.02132 
   54    1    1    1    1   54    1    1    1    1  7.19518E+13 0.02434 
   55    1    1    1    1   55    1    1    1    1  7.15331E+13 0.02357 
   56    1    1    1    1   56    1    1    1    1  7.15757E+13 0.02319 
   57    1    1    1    1   57    1    1    1    1  6.88994E+13 0.02435 
   58    1    1    1    1   58    1    1    1    1  7.42331E+13 0.02438 
   59    1    1    1    1   59    1    1    1    1  7.49042E+13 0.02277 
   60    1    1    1    1   60    1    1    1    1  0.00000E+00 0.00000 
   61    1    1    1    1   61    1    1    1    1  0.00000E+00 0.00000 
   62    1    1    1    1   62    1    1    1    1  7.25733E+13 0.02293 
   63    1    1    1    1   63    1    1    1    1  7.69304E+13 0.02280 
   64    1    1    1    1   64    1    1    1    1  6.90733E+13 0.02396 
   65    1    1    1    1   65    1    1    1    1  7.13768E+13 0.02277 
   66    1    1    1    1   66    1    1    1    1  0.00000E+00 0.00000 
   67    1    1    1    1   67    1    1    1    1  0.00000E+00 0.00000 
   68    1    1    1    1   68    1    1    1    1  0.00000E+00 0.00000 
   69    1    1    1    1   69    1    1    1    1  7.03795E+13 0.02249 
   70    1    1    1    1   70    1    1    1    1  7.22072E+13 0.02243 
   71    1    1    1    1   71    1    1    1    1  7.03853E+13 0.02320 
   72    1    1    1    1   72    1    1    1    1  0.00000E+00 0.00000 
   73    1    1    1    1   73    1    1    1    1  0.00000E+00 0.00000 
   74    1    1    1    1   74    1    1    1    1  7.31625E+13 0.02289 
   75    1    1    1    1   75    1    1    1    1  7.45394E+13 0.02285 
   76    1    1    1    1   76    1    1    1    1  7.26144E+13 0.02409 
   77    1    1    1    1   77    1    1    1    1  7.00686E+13 0.02392 
   78    1    1    1    1   78    1    1    1    1  0.00000E+00 0.00000 
   79    1    1    1    1   79    1    1    1    1  0.00000E+00 0.00000 
   80    1    1    1    1   80    1    1    1    1  0.00000E+00 0.00000 
   81    1    1    1    1   81    1    1    1    1  7.11529E+13 0.02385 
   82    1    1    1    1   82    1    1    1    1  7.17712E+13 0.02451 
   83    1    1    1    1   83    1    1    1    1  7.01106E+13 0.02476 
   84    1    1    1    1   84    1    1    1    1  0.00000E+00 0.00000 
   85    1    1    1    1   85    1    1    1    1  0.00000E+00 0.00000 
   86    1    1    1    1   86    1    1    1    1  7.48812E+13 0.02349 
   87    1    1    1    1   87    1    1    1    1  7.35295E+13 0.02326 
   88    1    1    1    1   88    1    1    1    1  7.37711E+13 0.02364 
   89    1    1    1    1   89    1    1    1    1  7.21825E+13 0.02189 
   90    1    1    1    1   90    1    1    1    1  0.00000E+00 0.00000 
   91    1    1    1    1   91    1    1    1    1  0.00000E+00 0.00000 
   92    1    1    1    1   92    1    1    1    1  0.00000E+00 0.00000 
   93    1    1    1    1   93    1    1    1    1  7.23268E+13 0.02399 
   94    1    1    1    1   94    1    1    1    1  7.48970E+13 0.02307 
   95    1    1    1    1   95    1    1    1    1  7.46835E+13 0.02289 
   96    1    1    1    1   96    1    1    1    1  0.00000E+00 0.00000 
   97    1    1    1    1   97    1    1    1    1  0.00000E+00 0.00000 
   98    1    1    1    1   98    1    1    1    1  7.12625E+13 0.02226 
   99    1    1    1    1   99    1    1    1    1  6.94436E+13 0.02290 
  100    1    1    1    1  100    1    1    1    1  7.37361E+13 0.02377 
  101    1    1    1    1  101    1    1    1    1  7.25235E+13 0.02399 
  102    1    1    1    1  102    1    1    1    1  6.91052E+13 0.02360 
  103    1    1    1    1  103    1    1    1    1  7.44748E+13 0.02330 
  104    1    1    1    1  104    1    1    1    1  7.15334E+13 0.02257 
  105    1    1    1    1  105    1    1    1    1  7.16610E+13 0.02252 
  106    1    1    1    1  106    1    1    1    1  7.34091E+13 0.02447 
  107    1    1    1    1  107    1    1    1    1  7.78315E+13 0.02435 
