
DET1 = [
    1    1    1    1    1    1    1    1    1    1  4.04971E+13 0.01070 
];


DET1E = [
 1.00000E+00  2.00000E+01  1.05000E+01
];

DET2 = [
    1    1    1    1    1    1    1    1    1    1  4.14907E+14 0.03055 
    2    1    1    1    1    2    1    1    1    1  4.03892E+14 0.02977 
    3    1    1    1    1    3    1    1    1    1  4.06180E+14 0.02491 
    4    1    1    1    1    4    1    1    1    1  4.03957E+14 0.02368 
    5    1    1    1    1    5    1    1    1    1  4.26036E+14 0.02827 
    6    1    1    1    1    6    1    1    1    1  4.01639E+14 0.03441 
    7    1    1    1    1    7    1    1    1    1  4.08777E+14 0.03196 
    8    1    1    1    1    8    1    1    1    1  4.07960E+14 0.02726 
    9    1    1    1    1    9    1    1    1    1  4.11839E+14 0.02619 
];


DET2E = [
 1.00000E+00  2.00000E+01  1.05000E+01
];

DET4 = [
    1    1    1    1    1    1    1    1    1    1  9.75526E+13 0.00809 
];


DET4E = [
 1.00000E+00  2.00000E+01  1.05000E+01
];
